Energia	Ang_TD	Pos_ini(y)	y_2-y_0	teta_2-teta_0
800.	0.9424777960769379	0.8892298567374696	-0.07690155632036566	0.3364509605851459
800.	0.9514537750871945	0.8848413744149147	-0.06307690540131372	0.15875280705135464
800.	0.9514537750871945	0.8885561687886272	-0.06398271226033414	0.40248919916735887
800.	0.960429754097451	0.8844402977342284	-0.04734273941360556	0.2916226542919051
800.	0.960429754097451	0.8880515384300338	-0.05263231461041196	0.4587779658795862
800.	0.9694057331077075	0.88771176250057	-0.04140934450877032	0.5156571789884784
800.	0.9694057331077075	0.8912207699224273	-0.04962808658772322	0.6218581334009936
800.	0.9783817121179642	0.8875326079774086	-0.030968518954664903	0.5680442689011085
800.	0.9783817121179642	0.8909407107659719	-0.03945128195010994	0.6611745784773326
800.	0.9873576911282207	0.8875098125304857	-0.02127126410565816	0.6161511089110653
800.	0.9873576911282207	0.8908183474560598	-0.030029097262791682	0.6979675141671962
800.	0.9963336701384772	0.8876390850806541	-0.01293079031473654	0.6576466427886389
800.	0.9963336701384772	0.8908493969354925	-0.0206028546421565	0.7349431898578378
800.	1.0053096491487339	0.8879161063614509	-0.004573499365226552	0.6985887812462372
800.	1.0053096491487339	0.8910295478514105	-0.012561232762403951	0.7669252931839817
800.	1.0142856281589903	0.8853185978488671	0.010290358119876664	0.6712118523315068
800.	1.0142856281589903	0.8883365294844232	0.0019424501438679576	0.7325470241610744
800.	1.0142856281589903	0.8913544611199794	-0.005121918675049408	0.7969931569878858
800.	1.0232616071692469	0.8859721905213108	0.015856626239506455	0.7077888094306961
800.	1.0232616071692469	0.8888959805079438	0.008573891189850635	0.7662459437068644
800.	1.0232616071692469	0.891819770494577	0.001763078826698794	0.8252184814294837
800.	1.0322375861795035	0.8839280107535303	0.028955316405544274	0.6916529649120529
800.	1.0322375861795035	0.8867590348814929	0.021587128901537134	0.7435753816717848
800.	1.0322375861795035	0.8895900590094555	0.014728121281008422	0.7975584698695899
800.	1.0322375861795035	0.8924210831374182	0.008149854228725384	0.8516443768311737
800.	1.0412135651897598	0.8849350555941342	0.03276108735502303	0.7257834317602151
800.	1.0412135651897598	0.8876746971276073	0.02640860053510463	0.7756421682724437
800.	1.0412135651897598	0.8904143386610803	0.019882206452114692	0.8256685682596114
800.	1.0412135651897598	0.8931539801945533	0.014072176491615296	0.8762043196708932
800.	1.0501895442000166	0.8860650686772371	0.036834488783255015	0.7590382836215316
800.	1.0501895442000166	0.8887147182428827	0.030410342430425508	0.8049184622705631
800.	1.0501895442000166	0.8913643678085283	0.024672983540133364	0.8519388943036152
800.	1.0501895442000166	0.8940140173741742	0.019567729158784686	0.8988115735132067
800.	1.059165523210273	0.8847525036284762	0.046023654073207854	0.7470860445602627
800.	1.059165523210273	0.8873135591033989	0.0402364708454821	0.789441815258803
800.	1.059165523210273	0.8898746145783217	0.03465488289895491	0.8328326605372006
800.	1.059165523210273	0.8924356700532444	0.02914350198601845	0.8762285832629537
800.	1.0681415022205298	0.8837282792412318	0.05442157646480428	0.7395676949754424
800.	1.0681415022205298	0.8862021456403545	0.04884070064470958	0.7778099647347599
800.	1.0681415022205298	0.8886760120394772	0.04345759876693167	0.8177000310737358
800.	1.0681415022205298	0.8911498784385999	0.03815147862029844	0.8580793963188187
800.	1.0681415022205298	0.8936237448377227	0.03330949064159061	0.8983014617714934
800.	1.0771174812307862	0.8853717105824684	0.05628659147197135	0.7694136874393128
800.	1.0771174812307862	0.8877597999453337	0.0511493654844577	0.8060591626164909
800.	1.0771174812307862	0.890147889308199	0.046078815401442874	0.8435296091875252
800.	1.0771174812307862	0.8925359786710642	0.04143036462962424	0.881041796043269
800.	1.0771174812307862	0.8973121573967947	0.03330880138883818	0.9535651105544954
800.	1.0771174812307862	1.	-0.09743396800609871	-0.6190060294744618
800.	1.0860934602410428	0.8848134361497385	0.08730824511060675	0.840626513425174
800.	1.0860934602410428	0.8871171674267437	0.0800768908609949	0.8944590522635875
800.	1.0860934602410428	0.889420898703749	0.07263035899779335	0.9038459772049751
800.	1.0860934602410428	0.8917246299807542	0.07737076108407737	0.4222582115437335
800.	1.0860934602410428	0.8940283612577594	0.08391680508852595	0.41243630414810406
800.	1.0860934602410428	0.8963320925347646	0.08767834669577046	0.4014983259038482
800.	1.0860934602410428	0.979266418506953	-0.014236187053383698	0.05925576404050029
800.	1.0860934602410428	0.9838738810609634	-0.018487163533640882	-0.7237569515362826
800.	1.0860934602410428	1.	-0.09180244009493543	-0.5853623664513488
800.	1.0950694392512994	0.8889600530961933	0.09378455558860066	-0.32679295045688284
800.	1.0950694392512994	0.8911808520342694	0.09354488278042461	-0.3461016072609244
800.	1.0950694392512994	0.8934016509723456	0.09266413708871368	-0.38803489620827264
800.	1.0950694392512994	0.8956224499104217	0.09124758628034169	-0.44750492932005975
800.	1.0950694392512994	0.8978432488484979	0.08925370118025666	-0.5103982035323665
800.	1.0950694392512994	0.9578048201765534	0.02845376382960363	-0.14167823102456126
800.	1.0950694392512994	0.9600256191146296	-0.04599080598604399	0.5727473638101028
800.	1.0950694392512994	0.9622464180527057	-0.04776709804938073	0.2814607084391748
800.	1.0950694392512994	0.9711296138050103	-0.010053047698667772	0.07788747384671067
800.	1.0950694392512994	0.9733504127430864	-0.0021878371698496046	0.010178343959005957
800.	1.0950694392512994	0.9755712116811626	0.005398993443684774	-0.16865899541913112
800.	1.0950694392512994	0.9777920106192387	0.002051227446382531	-0.5448878622655082
800.	1.0950694392512994	0.9977792010619239	-0.1031093111645568	-0.5663945600629241
800.	1.0950694392512994	1.	-0.09334190518871488	-0.5152856780269882
800.	1.1040454182615558	0.8930350486128854	0.09505925116173275	-0.45645482127376785
800.	1.1040454182615558	0.8951743476406278	0.09411664914351758	-0.48581640627148714
800.	1.1040454182615558	0.9529354213896696	0.037166715714559984	-0.45145080122592857
800.	1.1040454182615558	0.9550747204174119	0.032590747757965666	-0.119581036702777
800.	1.1040454182615558	0.9572140194451542	-0.050641610842201534	0.42295657822362615
800.	1.1040454182615558	0.9593533184728964	-0.049189067769719985	0.1304105966709552
800.	1.1040454182615558	0.9614926175006387	-0.04140913792332346	-0.015735885675157924
800.	1.1040454182615558	0.9636319165283811	-0.03202810456451788	-0.05458217031214585
800.	1.1040454182615558	0.9657712155561233	-0.022078037388592264	-0.04047044074006486
800.	1.1040454182615558	0.9679105145838656	-0.012298033244142026	-0.008906893809692337
800.	1.1040454182615558	0.9700498136116079	-0.0019756838563972368	0.0031760218859681194
800.	1.1040454182615558	0.9721891126393503	0.006898202066505488	-0.07371524253726423
800.	1.1040454182615558	0.9743284116670925	0.010436108994699822	-0.36530390658521555
800.	1.1040454182615558	0.9764677106948347	-0.008187115398305633	-0.7887259197689507
800.	1.1040454182615558	0.9978607009722577	-0.09761719960132442	-0.571201245718774
800.	1.1040454182615558	1.	-0.08005874145665659	0.5018283730647566
800.	1.1130213972718124	0.9485190471934843	0.033877517880265495	-0.8727885725607517
800.	1.1130213972718124	0.950578285305745	0.03588374395480354	-0.5998188707792248
800.	1.1130213972718124	0.9526375234180056	0.033127532218308775	-0.3276137487202356
800.	1.1130213972718124	0.9546967615302662	-0.05170579171808898	0.23143954203022662
800.	1.1130213972718124	0.9567559996425268	-0.047144649263852534	-0.0005568115370574258
800.	1.1130213972718124	0.9588152377547875	-0.03905322658589572	-0.10972582810008771
800.	1.1130213972718124	0.9608744758670481	-0.02965114775373523	-0.14017880215155737
800.	1.1130213972718124	0.9629337139793087	-0.020983394030663516	-0.11967646317280961
800.	1.1130213972718124	0.9649929520915694	-0.012713924982575064	-0.07246353839293881
800.	1.1130213972718124	0.96705219020383	-0.004883886346174426	-0.02000671128113776
800.	1.1130213972718124	0.9691114283160907	0.003681580014261443	-0.006928509270319304
800.	1.1130213972718124	0.9711706664283513	0.011730313395799441	-0.09760233585506353
800.	1.1130213972718124	0.9732299045406119	0.013195757134512931	-0.4242460767923891
800.	1.1130213972718124	0.9979407618877394	-0.08944596450168962	-0.5505257849769215
800.	1.121997376282069	0.9445425660253548	-0.0413840723735156	1.3209927697863444
800.	1.121997376282069	0.9465231886673064	-0.04155998122832427	1.139782623127785
800.	1.121997376282069	0.9485038113092579	-0.041948212270274565	0.913450174370596
800.	1.121997376282069	0.9504844339512095	-0.04344958588065029	0.6788320743524643
800.	1.121997376282069	0.9524650565931612	-0.050677675749744466	0.08338018599738846
800.	1.121997376282069	0.9544456792351128	-0.043628687464002724	-0.10922247473849862
800.	1.121997376282069	0.9564263018770645	-0.03570904176082501	-0.18832426462721283
800.	1.121997376282069	0.9584069245190161	-0.027193092656247808	-0.2059825203313053
800.	1.121997376282069	0.9603875471609676	-0.01868145794106657	-0.17992762608049284
800.	1.121997376282069	0.9623681698029193	-0.012418061268658853	-0.13079868982470644
800.	1.121997376282069	0.9643487924448708	-0.00597770264924935	-0.06570292203909113
800.	1.121997376282069	0.9663294150868225	-0.00004155660836302477	-0.003677470613520758
800.	1.121997376282069	0.9683100377287741	0.0072110395043184505	0.020552692452397454
800.	1.121997376282069	0.9702906603707258	0.014450521428286955	-0.07035638607858241
800.	1.121997376282069	0.9722712830126774	0.016581433595131867	-0.4049393452667383
800.	1.121997376282069	0.9940581320741452	-0.060714896159600795	-0.5688040988324761
800.	1.121997376282069	0.9960387547160967	-0.07636437186247214	-0.6168288823520564
800.	1.1309733552923256	0.9409927725289321	-0.04672117615745319	1.3020090744193284
800.	1.1309733552923256	0.9428962314796117	-0.045267285282493575	1.1151065806329863
800.	1.1309733552923256	0.9447996904302913	-0.04480763010737254	0.9337434736792346
800.	1.1309733552923256	0.946703149380971	-0.044343160811993965	0.7233698401477159
800.	1.1309733552923256	0.9486066083316506	-0.0443647002177916	0.4950500852591688
800.	1.1309733552923256	0.9505100672823301	-0.04410934254801657	0.26388732661592573
800.	1.1309733552923256	0.9524135262330098	-0.03947015154963873	-0.20530971650647004
800.	1.1309733552923256	0.9543169851836893	-0.030895264416144652	-0.25741787593452226
800.	1.1309733552923256	0.9562204441343689	-0.023069934574468487	-0.2596922869157328
800.	1.1309733552923256	0.9581239030850486	-0.015904069601865523	-0.22801336284477072
800.	1.1309733552923256	0.9600273620357282	-0.010546229974031651	-0.1758905510792064
800.	1.1309733552923256	0.9619308209864078	-0.005645968209753938	-0.10811083944563839
800.	1.1309733552923256	0.9638342799370874	-0.0017635706535417128	-0.0374214150967711
800.	1.1309733552923256	0.965737738887767	0.002507540553165266	0.02975898811962312
800.	1.1309733552923256	0.9676411978384466	0.0082221155859864	0.06747622648572807
800.	1.1309733552923256	0.9695446567891262	0.015464318385439157	0.013479170534992322
800.	1.1309733552923256	0.9714481157398058	0.020068974627272973	-0.2872806814947992
800.	1.1309733552923256	0.990482705246602	-0.05927346861550864	0.4096087703885703
800.	1.1309733552923256	0.9923861641972815	-0.042486638182117065	0.5048021024437536
800.	1.1309733552923256	0.9942896231479612	-0.028948867709109094	0.5672794071411783
800.	1.1309733552923256	0.9961930820986408	-0.016231556286162352	0.6310329838261641
800.	1.1399493343025822	0.9378563893183547	0.048989324379568155	-0.29124446083329253
800.	1.1399493343025822	0.939684142573697	0.045659984846526	-0.266798522088589
800.	1.1399493343025822	0.9415118958290397	0.042024161027414686	-0.23765884557858752
800.	1.1399493343025822	0.9433396490843822	0.037941883947489874	-0.2076447489440017
800.	1.1399493343025822	0.9451674023397247	0.0337733697644621	-0.17901564768301975
800.	1.1399493343025822	0.9469951555950673	0.029335055690611456	-0.1451056566321398
800.	1.1399493343025822	0.9488229088504099	0.024922298444482016	-0.11249072463723189
800.	1.1399493343025822	0.9506506621057522	-0.03252061876355228	-0.2939356264412885
800.	1.1399493343025822	0.9524784153610948	-0.024777979445942844	-0.3122171656460018
800.	1.1399493343025822	0.9543061686164372	-0.017767799634345494	-0.3000562579190803
800.	1.1399493343025822	0.9561339218717797	-0.011730975873497806	-0.2602117975921355
800.	1.1399493343025822	0.9579616751271223	-0.007825200865959614	-0.21073839402731306
800.	1.1399493343025822	0.9597894283824648	-0.004419539358731073	-0.1453508480718706
800.	1.1399493343025822	0.9616171816378073	-0.0016277867040025429	-0.06730075174305102
800.	1.1399493343025822	0.9634449348931498	0.0003930910659574183	0.0061579845529522075
800.	1.1399493343025822	0.9652726881484923	0.002744669691398527	0.07424241791760741
800.	1.1399493343025822	0.9671004414038349	0.007134220330062058	0.12845326381010494
800.	1.1399493343025822	0.9689281946591773	0.014204467269465448	0.1131091211913498
800.	1.1399493343025822	0.9707559479145198	0.021718336194953225	-0.10579269986342804
800.	1.1399493343025822	0.9872057272126025	-0.06817975834480894	0.354308316214371
800.	1.1399493343025822	0.9890334804679449	-0.055547976206396066	0.4654193570145285
800.	1.1399493343025822	0.9908612337232875	-0.04412501542181968	0.5408247029305059
800.	1.1399493343025822	0.99268898697863	-0.03299441855001428	0.6094975065194944
800.	1.1399493343025822	0.9945167402339725	-0.02244000163289661	0.6812195548539456
800.	1.1489253133128385	0.940380603717389	0.04442262858940027	-0.12864688735047183
800.	1.1489253133128385	0.9421341153727598	0.040420512309648715	-0.11235868657409104
800.	1.1489253133128385	0.9438876270281308	0.0362630859941937	-0.09379902454451516
800.	1.1489253133128385	0.9456411386835017	0.031999683685164704	-0.07301374406570614
800.	1.1489253133128385	0.9473946503388726	-0.032510475960696894	-0.3308506467268198
800.	1.1489253133128385	0.9491481619942437	-0.02442101902584548	-0.3626838539578235
800.	1.1489253133128385	0.9509016736496145	-0.017424484168180765	-0.35515420709713813
800.	1.1489253133128385	0.9526551853049854	-0.012013903516181257	-0.3272556251124757
800.	1.1489253133128385	0.9544086969603562	-0.0068826570487260375	-0.28067600320664077
800.	1.1489253133128385	0.9561622086157272	-0.0036764475785523443	-0.22384461550961726
800.	1.1489253133128385	0.9579157202710982	-0.0014741581436403806	-0.15787356791106952
800.	1.1489253133128385	0.959669231926469	-0.00045534818291204093	-0.09072219275411958
800.	1.1489253133128385	0.9614227435818399	-0.00019928522225132195	-0.02486829732521864
800.	1.1489253133128385	0.9631762552372108	0.000051744175231904777	0.04620913166734091
800.	1.1489253133128385	0.9649297668925818	0.0006385642781179257	0.11670194809722689
800.	1.1489253133128385	0.9666832785479527	0.003079188294007662	0.1833008293839204
800.	1.1489253133128385	0.9684367902033235	0.008841072688861806	0.22441450236203556
800.	1.1489253133128385	0.9701903018586945	0.01910093806440749	0.1216912021041969
800.	1.1489253133128385	0.9719438135140654	0.02410112322835234	-0.3111760181390822
800.	1.1489253133128385	0.9842183951016618	0.011035558917161348	0.254024583372642
800.	1.1579012923230951	0.93949335523948	-0.004416586378680698	-1.0227319477407555
800.	1.1579012923230951	0.9411740953717165	-0.0004930527034814336	-0.9309154930423531
800.	1.1579012923230951	0.9428548355039532	0.002891305457283666	-0.8302493024458499
800.	1.1579012923230951	0.94453557563619	0.005764401748484915	-0.7107442298538874
800.	1.1579012923230951	0.9462163157684266	-0.022742659492884454	-0.40230693841789084
800.	1.1579012923230951	0.9478970559006633	-0.015822495987920848	-0.40108117760364465
800.	1.1579012923230951	0.9495777960328999	-0.009058937497138708	-0.37358763065065176
800.	1.1579012923230951	0.9512585361651367	-0.004867210501512953	-0.3348600052169696
800.	1.1579012923230951	0.9529392762973734	-0.0014057446710316057	-0.2818358135484495
800.	1.1579012923230951	0.9546200164296099	0.0006600624182325765	-0.22151534449662683
800.	1.1579012923230951	0.9563007565618467	0.0013928726014749149	-0.16264096003425932
800.	1.1579012923230951	0.9579814966940833	0.0012700880530071013	-0.10052961988999508
800.	1.1579012923230951	0.9596622368263199	0.00047786560442941717	-0.039107325737740485
800.	1.1579012923230951	0.9613429769585566	-0.0010576110964133356	0.01855784997048821
800.	1.1579012923230951	0.9630237170907933	-0.0027000925617914895	0.07607382423272839
800.	1.1579012923230951	0.9647044572230299	-0.004182081718655195	0.13832908200252664
800.	1.1579012923230951	0.9663851973552666	-0.004474189273101725	0.20270565034505478
800.	1.1579012923230951	0.9680659374875034	-0.0011423193709244606	0.27755877748458513
800.	1.1579012923230951	0.96974667761974	0.009436504124518352	0.3043458141038824
800.	1.1579012923230951	0.9714274177519766	0.023118798172839905	0.07887729584782417
800.	1.1579012923230951	0.97983111841316	-0.03485323748106617	0.4930970502974005
800.	1.1668772713333517	0.9372316625901316	0.04873730706797108	-0.7545820586687558
800.	1.1668772713333517	0.9388411071391025	0.047044866737751656	-0.6483869397654038
800.	1.1668772713333517	0.9404505516880735	0.04457241068205686	-0.546310347348801
800.	1.1668772713333517	0.9420599962370445	0.04125603003928746	-0.4301881720543797
800.	1.1668772713333517	0.9436694407860153	-0.018053643910656225	-0.44814987321768257
800.	1.1668772713333517	0.9452788853349865	-0.01144061164478627	-0.4378545902822641
800.	1.1668772713333517	0.9468883298839574	-0.005042263078899878	-0.4084140543274011
800.	1.1668772713333517	0.9484977744329285	-0.0010495177383460508	-0.3686661745452542
800.	1.1668772713333517	0.9501072189818994	0.0023367449812052854	-0.3169270878610327
800.	1.1668772713333517	0.9517166635308704	0.004054301611070565	-0.26295961963466485
800.	1.1668772713333517	0.9533261080798414	0.004800526323032628	-0.20399490912633436
800.	1.1668772713333517	0.9549355526288124	0.004454680361868024	-0.1463205226903467
800.	1.1668772713333517	0.9565449971777834	0.003228888779995498	-0.09318492306825156
800.	1.1668772713333517	0.9581544417267543	0.0012587122243488125	-0.042462178321601776
800.	1.1668772713333517	0.9597638862757254	-0.0013465600967761393	0.001837882906391642
800.	1.1668772713333517	0.9613733308246963	-0.00430920840421023	0.04113851262175067
800.	1.1668772713333517	0.9629827753736673	-0.007756747000664421	0.07391767932379137
800.	1.1668772713333517	0.9645922199226383	-0.01128357215572462	0.1041088920267839
800.	1.1668772713333517	0.9662016644716093	-0.015000616362587649	0.13677237672218226
800.	1.1668772713333517	0.9678111090205803	-0.01768163974530279	0.18209781907741043
800.	1.1668772713333517	0.9694205535695513	-0.014801923644143344	0.2925523972030046
800.	1.1668772713333517	0.9710299981185222	0.00766988476552577	0.3830138589287355
800.	1.1668772713333517	0.9726394426674932	0.025844017996156876	0.015796589084295837
800.	1.1668772713333517	0.9742488872164643	-0.05154089108623605	-0.12881769600440934
800.	1.1668772713333517	0.9758583317654352	-0.0609510426595562	-0.10946082363119479
800.	1.1758532503436083	0.9368751433626259	0.04530974680080191	0.23724879747562935
800.	1.1758532503436083	0.9384147740123179	0.04175418157569355	0.2223031053374582
800.	1.1758532503436083	0.9399544046620099	0.03814509568105262	0.20495928003940136
800.	1.1758532503436083	0.941494035311702	-0.01075481193422978	-0.48515332125229094
800.	1.1758532503436083	0.943033665961394	-0.004604636932037276	-0.46557495253066317
800.	1.1758532503436083	0.944573296611086	0.00032860134806722563	-0.43196421390752243
800.	1.1758532503436083	0.946112927260778	0.0047265511186807	-0.38437105774889013
800.	1.1758532503436083	0.9476525579104702	0.0076249316649426024	-0.3288673349565225
800.	1.1758532503436083	0.9491921885601622	0.008658170388573638	-0.27633866707305743
800.	1.1758532503436083	0.9507318192098543	0.009112901588393618	-0.21816614855086447
800.	1.1758532503436083	0.9522714498595464	0.008433588374406664	-0.16331503884565973
800.	1.1758532503436083	0.9538110805092384	0.006937981377251767	-0.1144776922407583
800.	1.1758532503436083	0.9553507111589306	0.0046991558575181225	-0.0695932312768291
800.	1.1758532503436083	0.9568903418086225	0.0018102667769158698	-0.03395555993231044
800.	1.1758532503436083	0.9584299724583145	-0.001602842846156416	-0.007333371061822755
800.	1.1758532503436083	0.9599696031080066	-0.00542205943163887	0.00780720980461331
800.	1.1758532503436083	0.9615092337576987	-0.009529108788590701	0.016934394742903206
800.	1.1758532503436083	0.9630488644073907	-0.014136208591127741	0.014573362953663191
800.	1.1758532503436083	0.9645884950570828	-0.01899420287949316	-0.0021140141474063926
800.	1.1758532503436083	0.9661281257067749	-0.02439688572693477	-0.03846480522221882
800.	1.1758532503436083	0.9676677563564668	-0.030179696499551878	-0.09054551176186966
800.	1.1758532503436083	0.9692073870061589	-0.03626641224506699	-0.1478544164115283
800.	1.1758532503436083	0.970747017655851	-0.04293572492612818	-0.2027504826330835
800.	1.1758532503436083	0.972286648305543	-0.050588930801787946	-0.22193861817096044
800.	1.184829229353865	0.935262621397741	0.0426683344567903	0.3806838896976286
800.	1.184829229353865	0.9367339254568832	0.03963479846008444	0.35065935195445863
800.	1.184829229353865	0.9382052295160255	-0.007852664051919311	-0.5235705537396859
800.	1.184829229353865	0.9396765335751678	-0.001497340675789105	-0.505049513551794
800.	1.184829229353865	0.9411478376343101	0.004114689490339107	-0.47268325494724417
800.	1.184829229353865	0.9426191416934522	0.007967475955686476	-0.43029263768103154
800.	1.184829229353865	0.9440904457525945	0.011281553096574526	-0.3766349808611637
800.	1.184829229353865	0.9455617498117367	0.013340376522345876	-0.31856637442677666
800.	1.184829229353865	0.947033053870879	0.013904809006379804	-0.26440904428497614
800.	1.184829229353865	0.9485043579300212	0.013787276014278649	-0.20583181857935712
800.	1.184829229353865	0.9499756619891635	0.012644819777090976	-0.15284934254182342
800.	1.184829229353865	0.9514469660483056	0.01065858059560576	-0.1074591320808919
800.	1.184829229353865	0.952918270107448	0.008088345761511628	-0.07129921224260086
800.	1.184829229353865	0.9543895741665902	0.004987800976335222	-0.04222493691668598
800.	1.184829229353865	0.9558608782257325	0.0014573419274079846	-0.023680390690872723
800.	1.184829229353865	0.9573321822848748	-0.0023609844644842948	-0.017404946383797745
800.	1.184829229353865	0.9588034863440171	-0.006550062652080357	-0.023173491675339178
800.	1.184829229353865	0.9602747904031592	-0.010928644660252007	-0.03852233688372658
800.	1.184829229353865	0.9617460944623015	-0.015381886901226327	-0.06459581398942757
800.	1.184829229353865	0.9632173985214437	-0.020062677967419007	-0.10423899438313515
800.	1.184829229353865	0.9646887025805859	-0.024791581503600946	-0.14855985769049845
800.	1.184829229353865	0.9661600066397282	-0.02970586432488098	-0.19542120751678063
800.	1.184829229353865	0.9676313106988705	-0.03486396480979814	-0.24140376418233556
800.	1.184829229353865	0.9691026147580127	-0.04040667352906502	-0.2808564671934311
800.	1.1938052083641213	0.9325854264527214	0.03824943895270305	0.5350160099613469
800.	1.1938052083641213	0.9339898967349562	0.035955247070122764	0.49797466759592934
800.	1.1938052083641213	0.9353943670171914	-0.002238091355470262	-0.5549287509566678
800.	1.1938052083641213	0.9367988372994263	0.004135570056521987	-0.5320300554039975
800.	1.1938052083641213	0.9382033075816613	0.009262751484210852	-0.49647530242195725
800.	1.1938052083641213	0.9396077778638963	0.013359726613978773	-0.45234369843260164
800.	1.1938052083641213	0.9410122481461313	0.01628840160463063	-0.40052216135365337
800.	1.1938052083641213	0.9424167184283663	0.018409206552474355	-0.34052816565191146
800.	1.1938052083641213	0.9438211887106012	0.01947462425685953	-0.27699162424359214
800.	1.1938052083641213	0.9452256589928362	0.01933321636917995	-0.2165637989696932
800.	1.1938052083641213	0.9466301292750711	0.018206114105028814	-0.1624017281847364
800.	1.1938052083641213	0.9480345995573061	0.016395103262392352	-0.11203475743787752
800.	1.1938052083641213	0.9494390698395411	0.01383753387652098	-0.07182542418288346
800.	1.1938052083641213	0.9508435401217761	0.010799068127960054	-0.046029463116318683
800.	1.1938052083641213	0.952248010404011	0.0074539242191818955	-0.027496006944467542
800.	1.1938052083641213	0.9536524806862459	0.0037139274853703608	-0.01829528519480077
800.	1.1938052083641213	0.955056950968481	-0.00006819265582058698	-0.02135174077383298
800.	1.1938052083641213	0.9564614212507159	-0.004069756053584173	-0.03623347560288634
800.	1.1938052083641213	0.9578658915329509	-0.008006230906341893	-0.0612842363573151
800.	1.1938052083641213	0.9592703618151859	-0.011967475983496567	-0.09468996686328203
800.	1.1938052083641213	0.9606748320974208	-0.01594263013129804	-0.13520925848031304
800.	1.1938052083641213	0.9620793023796559	-0.02008117382001151	-0.18139813447615843
800.	1.1938052083641213	0.9634837726618908	-0.024129302133644726	-0.22482202051304423
800.	1.1938052083641213	0.9648882429441257	-0.02838498906975717	-0.26773388423809097
800.	1.1938052083641213	0.9662927132263607	-0.03275662319343853	-0.3072641818418252
800.	1.1938052083641213	0.9676971835085957	-0.03759771190375216	-0.33850549927938123
800.	1.202781187374378	0.9330432648194442	0.005850315566625297	-0.5741704811241984
800.	1.202781187374378	0.9343823995230554	0.011991897935567097	-0.5423794064222319
800.	1.202781187374378	0.9357215342266665	0.01678747567931027	-0.4994034054201864
800.	1.202781187374378	0.9370606689302776	0.020242794693078436	-0.44914680431340176
800.	1.202781187374378	0.9383998036338886	0.02295425518222316	-0.3891062360700237
800.	1.202781187374378	0.9397389383374998	0.024411407953801034	-0.3294298798522827
800.	1.202781187374378	0.9410780730411109	0.024893501065696655	-0.26621505669896267
800.	1.202781187374378	0.942417207744722	0.02477968954186771	-0.1944110988092478
800.	1.202781187374378	0.9437563424483332	0.023378790697421548	-0.1381583265420097
800.	1.202781187374378	0.9450954771519444	0.0213064307768549	-0.08781140340987681
800.	1.202781187374378	0.9464346118555553	0.01863286176024903	-0.04901797739821252
800.	1.202781187374378	0.9477737465591665	0.015402841764854958	-0.017545477423253217
800.	1.202781187374378	0.9491128812627776	0.011835129180636117	0.0003435158915353403
800.	1.202781187374378	0.9504520159663887	0.00826291121829259	0.0021469933961742746
800.	1.202781187374378	0.9517911506699999	0.00442754001601009	-0.002945549339823335
800.	1.202781187374378	0.953130285373611	0.0006819754002176381	-0.0200043687923341
800.	1.202781187374378	0.9544694200772219	-0.002863846230855893	-0.04519218758356514
800.	1.202781187374378	0.955808554780833	-0.006501871650966162	-0.08024737686157399
800.	1.202781187374378	0.9571476894844443	-0.009837102348181581	-0.120603131048456
800.	1.202781187374378	0.9584868241880554	-0.013093788177499066	-0.1641519835833935
800.	1.202781187374378	0.9598259588916666	-0.01628526810947406	-0.20626925857832693
800.	1.202781187374378	0.9611650935952778	-0.0196157564985332	-0.24850583791670552
800.	1.202781187374378	0.9625042282988887	-0.023011845107681395	-0.2880772969803207
800.	1.202781187374378	0.9638433630024998	-0.026499229379358002	-0.3232002430283195
800.	1.202781187374378	0.965182497706111	-0.030187098778176158	-0.3567426593198649
800.	1.2117571663846345	0.9362348706397372	0.029894855656814823	-0.34890570447649677
800.	1.2117571663846345	0.9375101732269424	0.03054341310675479	-0.282298763376955
800.	1.2117571663846345	0.9387854758141477	0.030529930065178568	-0.20764086958037417
800.	1.2117571663846345	0.9400607784013528	0.029465573315616944	-0.13646132326659258
800.	1.2117571663846345	0.9413360809885583	0.02747612583111325	-0.08154142856853851
800.	1.2117571663846345	0.9426113835757635	0.024815392745450415	-0.029732927079997317
800.	1.2117571663846345	0.9438866861629688	0.02154107033021091	0.008742918332399876
800.	1.2117571663846345	0.945161988750174	0.01794269848425345	0.03377905836339778
800.	1.2117571663846345	0.9464372913373793	0.014063689914224464	0.04488376443491725
800.	1.2117571663846345	0.9477125939245845	0.010347041234159082	0.04184239600498291
800.	1.2117571663846345	0.9489878965117897	0.006380793560075704	0.027889833865161244
800.	1.2117571663846345	0.950263199098995	0.002806141505473425	0.0033803623296294553
800.	1.2117571663846345	0.9515385016862002	-0.0005915266897427163	-0.030107188399100888
800.	1.2117571663846345	0.9528138042734056	-0.0036431660701031765	-0.07021858941235001
800.	1.2117571663846345	0.9540891068606108	-0.006377985323575364	-0.11260170008512113
800.	1.2117571663846345	0.955364409447816	-0.008894158837864041	-0.15590366651624443
800.	1.2117571663846345	0.9566397120350212	-0.0114896375872241	-0.19927444882444836
800.	1.2117571663846345	0.9579150146222266	-0.01363791211167853	-0.23774776509598292
800.	1.2117571663846345	0.9591903172094318	-0.01631814173088031	-0.2753460154141146
800.	1.2117571663846345	0.960465619796637	-0.018810748871426308	-0.30910647823602583
800.	1.2117571663846345	0.9617409223838423	-0.02147851732928774	-0.3403703637303876
800.	1.2117571663846345	0.9630162249710477	-0.024145653620557095	-0.37274550093717557
800.	1.2117571663846345	0.9642915275582529	-0.027462653524436553	-0.39999970640697313
800.	1.220733145394891	0.9393510462089235	0.029115964015393514	0.021142848575138103
800.	1.220733145394891	0.940564025284745	0.025268072099861483	0.06614976034951135
800.	1.220733145394891	0.9417770043605665	0.02094937830381971	0.09348968798460804
800.	1.220733145394891	0.942989983436388	0.016607671214146746	0.10176032929518446
800.	1.220733145394891	0.9442029625122096	0.012004762889796794	0.09618328738177154
800.	1.220733145394891	0.9454159415880311	0.008009247234735839	0.07474921492934018
800.	1.220733145394891	0.9466289206638527	0.0041340427498406385	0.03713648370571336
800.	1.220733145394891	0.9478418997396743	0.0010115349168475785	-0.006891717880632057
800.	1.220733145394891	0.9490548788154958	-0.0016456761767197348	-0.05478311188438113
800.	1.220733145394891	0.9502678578913173	-0.004040529233798051	-0.10475266213260505
800.	1.220733145394891	0.9514808369671388	-0.005866145350696628	-0.15009341763347145
800.	1.220733145394891	0.9526938160429603	-0.007509944868485663	-0.18845351303614666
800.	1.220733145394891	0.9539067951187818	-0.00895112180031954	-0.22246217673704913
800.	1.220733145394891	0.9551197741946034	-0.01044698942944644	-0.2555517376083853
800.	1.220733145394891	0.9563327532704249	-0.012186375083555134	-0.28491972806750676
800.	1.220733145394891	0.9575457323462464	-0.01362831786159513	-0.31057590636222004
800.	1.220733145394891	0.9587587114220679	-0.015239083296758715	-0.33657327997400616
800.	1.220733145394891	0.9599716904978894	-0.017409246154878932	-0.362125000316409
800.	1.220733145394891	0.9611846695737111	-0.01928961890436698	-0.3877958772291708
800.	1.220733145394891	0.9623976486495326	-0.02152293219387269	-0.41066399912667956
800.	1.220733145394891	0.9636106277253541	-0.02421099329894627	-0.43410286118827957
800.	1.2297091244051475	0.9493045556083507	-0.0190951562181656	-0.0498127705032421
800.	1.2297091244051475	0.95045672479907	-0.007651771164760124	-0.30442981160955573
800.	1.2297091244051475	0.9516088939897893	-0.008407108970472699	-0.3099782533367108
800.	1.2297091244051475	0.9527610631805086	-0.008986129094041617	-0.320300109426671
800.	1.2297091244051475	0.9539132323712278	-0.009646835832834988	-0.33335675577136104
800.	1.2297091244051475	0.9550654015619472	-0.010508529319813609	-0.34425934560839777
800.	1.2297091244051475	0.9562175707526664	-0.011631773116033028	-0.35783721015964065
800.	1.2297091244051475	0.9573697399433858	-0.012676254619929606	-0.3736796517974776
800.	1.2297091244051475	0.9585219091341051	-0.0140039999962136	-0.389180938766443
800.	1.2297091244051475	0.9596740783248243	-0.01523648942591238	-0.40669822867092875
800.	1.2297091244051475	0.9608262475155436	-0.016799435498335957	-0.42383408915534704
800.	1.2297091244051475	0.961978416706263	-0.018661836889093175	-0.4427668033668986
800.	1.2297091244051475	0.9631305858969823	-0.020664313079293395	-0.4621382274029161
800.	1.2386851034154043	0.9540991310892378	-0.008363037823038266	-0.40907037647834976
800.	1.2386851034154043	0.9551920089204464	-0.00892079044493288	-0.41032122218981176
800.	1.2386851034154043	0.9562848867516551	-0.00940889164723202	-0.41317470018533137
800.	1.2386851034154043	0.9573777645828637	-0.010316839169582037	-0.41946162265411013
800.	1.2386851034154043	0.9584706424140723	-0.011268538909340653	-0.4282747193622389
800.	1.2386851034154043	0.9595635202452809	-0.01258522046804833	-0.4390263312951824
800.	1.2386851034154043	0.9606563980764896	-0.013606162660455778	-0.45067761425082653
800.	1.2386851034154043	0.9617492759076982	-0.014821420385605966	-0.46522548598885893
800.	1.2386851034154043	0.9628421537389067	-0.01671372485917355	-0.4807983724913621
800.	1.2386851034154043	0.9639350315701154	-0.018466979558688812	-0.4966578212470847
800.	1.2476610824256607	0.9544551699327591	-0.005695764603075193	-0.45615580901621655
800.	1.2476610824256607	0.9554902797070146	-0.006201660327391001	-0.4505627047506811
800.	1.2476610824256607	0.9565253894812701	-0.006824027095570506	-0.44901392414020896
800.	1.2476610824256607	0.9575604992555256	-0.0074922153967026395	-0.4494937783478567
800.	1.2476610824256607	0.9585956090297811	-0.007976381020783019	-0.4521892227760923
800.	1.2476610824256607	0.9596307188040365	-0.008970421648556215	-0.45798604046077707
800.	1.2476610824256607	0.960665828578292	-0.009957516918447262	-0.465896929372183
800.	1.2476610824256607	0.9617009383525474	-0.010766981271375209	-0.47543037703511365
800.	1.2476610824256607	0.9627360481268029	-0.012121781174407098	-0.48756074340458144
800.	1.2476610824256607	0.9637711579010584	-0.013610477822337486	-0.5011116539880436
800.	1.2476610824256607	0.9648062676753137	-0.015234434059593571	-0.5158770108827875
800.	1.2476610824256607	0.9658413774495693	-0.0171906859772345	-0.5325701360751057
800.	1.2566370614359172	0.9530142556433474	-0.0015881566090667487	-0.5079132684258556
800.	1.2566370614359172	0.9539931253174443	-0.0019877901707304746	-0.491930241477742
800.	1.2566370614359172	0.9549719949915413	-0.0021673161112573114	-0.4784875112051146
800.	1.2566370614359172	0.9559508646656382	-0.0026644020235959687	-0.4701580922609313
800.	1.2566370614359172	0.9569297343397352	-0.0031162231921942896	-0.46378159324234836
800.	1.2566370614359172	0.957908604013832	-0.0037382592536314707	-0.46085434403488357
800.	1.2566370614359172	0.9588874736879289	-0.003985684151755486	-0.45886364958535103
800.	1.2566370614359172	0.959866343362026	-0.004963864865360601	-0.4619810150634458
800.	1.2566370614359172	0.9608452130361229	-0.005717906385996674	-0.46583571443157307
800.	1.2566370614359172	0.9618240827102198	-0.006432059874235452	-0.47219677385751957
800.	1.2566370614359172	0.9628029523843167	-0.007490221688303822	-0.4811563472292989
800.	1.2566370614359172	0.9637818220584136	-0.008673208187695347	-0.4923931537967547
800.	1.2566370614359172	0.9647606917325106	-0.010267418404241502	-0.5058742312724777
800.	1.2566370614359172	0.9657395614066073	-0.01151708135530527	-0.5201408487944417
800.	1.2566370614359172	0.9667184310807044	-0.0130602750123201	-0.5356588556445394
800.	1.2566370614359172	0.9676973007548013	-0.014891327171577817	-0.5530835852276613
800.	1.2566370614359172	0.9686761704288983	-0.017254723976877218	-0.571890234557807
800.	1.2656130404461738	0.9547160589685583	0.0024230064479844327	-0.4941044460348902
800.	1.2656130404461738	0.9556402210304245	0.001923906525447494	-0.4783814782533507
800.	1.2656130404461738	0.9565643830922905	0.0014843472179695283	-0.46605785824565277
800.	1.2656130404461738	0.9574885451541567	0.0009325127846534498	-0.4576055956183801
800.	1.2656130404461738	0.9584127072160229	0.0006566535767987824	-0.45041817233617903
800.	1.2656130404461738	0.9593368692778891	1.2557398463286518e-6	-0.4477097725326404
800.	1.2656130404461738	0.9602610313397552	-0.0008731251792677419	-0.44828432710100874
800.	1.2656130404461738	0.9611851934016213	-0.0013920089045711403	-0.4491540632110613
800.	1.2656130404461738	0.9621093554634876	-0.002242093979463289	-0.4539316438994655
800.	1.2656130404461738	0.9630335175253537	-0.0029736168769302074	-0.4602133224390657
800.	1.2656130404461738	0.9639576795872198	-0.0039013416395627942	-0.46891084922277587
800.	1.2656130404461738	0.964881841649086	-0.004774695381086991	-0.4783089625756077
800.	1.2656130404461738	0.9658060037109522	-0.006014473069567816	-0.4918380152608607
800.	1.2656130404461738	0.9667301657728183	-0.007354754890904203	-0.5070390906876381
800.	1.2656130404461738	0.9676543278346843	-0.008652555438989684	-0.5223317605694172
800.	1.2656130404461738	0.9685784898965506	-0.010059222251464828	-0.5388815439471732
800.	1.2656130404461738	0.9695026519584167	-0.011750290483197978	-0.5575187800651644
800.	1.2656130404461738	0.970426814020283	-0.013808194743974656	-0.5786759620804571
800.	1.2656130404461738	0.971350976082149	-0.016209843382756772	-0.6001004337672433
800.	1.2745890194564302	0.957321424083859	0.005900413234727342	-0.43584314321669343
800.	1.2745890194564302	0.9581924154290864	0.005213712196372455	-0.4267854849040286
800.	1.2745890194564302	0.9590634067743136	0.0043845073344342955	-0.4216046863069224
800.	1.2745890194564302	0.9599343981195411	0.003977850506020952	-0.41501212491348816
800.	1.2745890194564302	0.9608053894647685	0.0032563135981774627	-0.41372654334339526
800.	1.2745890194564302	0.9616763808099958	0.002666730292740005	-0.41337282272201464
800.	1.2745890194564302	0.9625473721552232	0.0021860477420073687	-0.4138292482456678
800.	1.2745890194564302	0.9634183635004505	0.0013410598907405147	-0.41987673362060246
800.	1.2745890194564302	0.9642893548456779	0.000484722129281856	-0.4279260957251734
800.	1.2745890194564302	0.9651603461909053	-0.00031085109453565796	-0.436499030232783
800.	1.2745890194564302	0.9660313375361327	-0.0008856440195744719	-0.4447702631100286
800.	1.2745890194564302	0.9669023288813601	-0.0019086543230718567	-0.4583969390157495
800.	1.2745890194564302	0.9677733202265874	-0.0030077571755530164	-0.47386583685947686
800.	1.2745890194564302	0.9686443115718147	-0.004202122143070253	-0.4910521784113019
800.	1.2745890194564302	0.969515302917042	-0.005358107525546996	-0.5076764606628958
800.	1.2745890194564302	0.9703862942622694	-0.006606466309015846	-0.5256547396692416
800.	1.2745890194564302	0.9712572856074968	-0.008310723075029891	-0.5481555623355187
800.	1.2745890194564302	0.9721282769527242	-0.010324358770510855	-0.5712875290232436
800.	1.2745890194564302	0.9729992682979516	-0.012147843257698021	-0.5932147214364665
800.	1.2745890194564302	0.973870259643179	-0.014679236735602785	-0.6181548140194773
800.	1.2745890194564302	0.9747412509884064	-0.017423473067171846	-0.6430789310471878
800.	1.283564998466687	0.9598512714069863	0.00784284747782904	-0.364448798986624
800.	1.283564998466687	0.960670633215007	0.007131265724452995	-0.36185181249135034
800.	1.283564998466687	0.9614899950230276	0.006368366000667702	-0.36095437531505764
800.	1.283564998466687	0.9623093568310485	0.005876965214375418	-0.3592149804373202
800.	1.283564998466687	0.9631287186390691	0.005361969831107483	-0.3590928640754315
800.	1.283564998466687	0.9639480804470898	0.0048987023903891425	-0.36084793351971206
800.	1.283564998466687	0.9647674422551105	0.004191098358950152	-0.3672837445045685
800.	1.283564998466687	0.9655868040631311	0.0034954321061663185	-0.37568766579864693
800.	1.283564998466687	0.9664061658711518	0.003060610443596845	-0.3812264843042842
800.	1.283564998466687	0.9672255276791726	0.0023478300559880427	-0.3937031913372932
800.	1.283564998466687	0.9680448894871932	0.001531279679854336	-0.40756736122150117
800.	1.283564998466687	0.9688642512952139	0.0010422859726272327	-0.4186910584682036
800.	1.283564998466687	0.9696836131032346	0.00012946264866686708	-0.43627654008661587
800.	1.283564998466687	0.9705029749112553	-0.0007535405117011784	-0.4528518564958272
800.	1.283564998466687	0.9713223367192758	-0.0022633691147493362	-0.47818032072959304
800.	1.283564998466687	0.9721416985272966	-0.003332725753662058	-0.49773093590443285
800.	1.283564998466687	0.9729610603353174	-0.004813845889623303	-0.5227359088384748
800.	1.283564998466687	0.973780422143338	-0.00624841982975699	-0.5457067267335295
800.	1.283564998466687	0.9745997839513587	-0.008188809273642406	-0.5724047006779616
800.	1.283564998466687	0.9754191457593794	-0.010462680610962338	-0.600317568810434
800.	1.283564998466687	0.9762385075674	-0.012936352941142149	-0.6282110003862004
800.	1.283564998466687	0.9770578693754208	-0.015631540529181365	-0.656009282912742